1.4494105369 -0.2666806323 0.5982401611 0.1794937590 0.2096526188 0.0519463526 -0.2684568584 -0.0914403330 0.0461345053 -0.0129546935 -0.0318407612 -0.0002866309 
1.3815386557 -0.3677790340 0.4176980320 0.1043607445 0.1048808714 0.3129623770 0.4105723934 0.1602761044 -0.0248419644 -0.0272182582 -0.0609350796 -0.0175008121 
1.3636815491 0.3246321460 0.5827983129 0.4480596472 0.3563024356 0.1491681213 0.0905556410 0.0299472098 -0.0387323912 0.0253829452 0.0728938938 -0.0125555891 
1.2115563077 -0.3147443673 0.1935451615 0.2992480513 0.5309254744 0.4407668974 0.1546132993 0.1714815949 0.0806645938 0.1105397506 0.0664635315 0.0255325509 
1.4950594386 0.0257190872 0.7792404649 0.3142704158 0.0418712935 0.2406049430 -0.0664849215 -0.2147326658 0.0224569196 0.0846760139 -0.0918933873 -0.0701299324 
1.3359254674 -0.3978671046 0.3985079283 -0.1709982427 0.4689304783 0.3259359457 0.2316861946 0.1907531413 -0.1936251826 0.0151805558 -0.0172466281 -0.0832898601 
1.5394389460 -0.1941638599 0.5974664604 0.5607029173 0.1951382988 0.1025854499 0.0214526864 -0.0361087501 0.0945710684 0.0529342735 -0.2067443381 -0.1030506701 
1.0774215584 -0.4557263026 0.2660625821 0.1622985243 0.5676226494 0.4665227532 0.1775565169 0.2376099909 0.0462048873 -0.0882699251 0.1297139912 0.1438130805 
1.4524195188 -0.4729197013 0.7318643625 -0.0031805344 0.3074836375 0.1072679691 -0.3345472000 -0.1023560619 -0.0373252726 -0.0183522098 0.0102303716 -0.0564104424 
1.4230594615 -0.4861318846 0.4027058782 -0.0747213231 0.2934700506 0.1561758523 0.3330034936 0.3764117436 -0.1077958243 -0.1202272513 -0.0076576679 -0.0182233047 
1.3451857836 0.2678476670 0.4962665205 0.5000792719 0.4310226170 0.1692163297 0.0061406343 0.1005402745 0.1413168709 0.0076750923 -0.0155166138 0.0151746480 
1.1673316497 -0.5363163503 0.1458634560 0.2378289465 0.6630595424 0.3239140452 0.1776471927 0.3687363729 -0.0966378530 0.0174852367 0.1832906407 -0.0041916558 
1.4571791455 -0.0743774247 0.7975717455 0.0358512314 0.1165533018 0.1897754105 -0.2335407836 -0.2019107627 0.0036868030 0.1121341688 0.0912981100 -0.0045977885 
1.3260727963 -0.1113124346 0.4018542713 -0.1684342618 0.1958266552 0.4051508333 0.3256476111 0.0949659596 -0.1049202045 0.0718042545 -0.1369738028 -0.1494507667 
1.5171174900 -0.1039735587 0.6554713347 0.5462442191 0.1314754063 0.1377433323 0.0688565445 -0.1063190263 -0.0006977381 0.1669964072 -0.1167500179 -0.1854904219 
1.0504855778 -0.3160357486 0.3670271122 0.2698498538 0.4616335556 0.2979557056 0.2978577389 0.3297084444 -0.0790654419 0.0013590490 0.1895493728 0.0743718986 
1.6351154839 -0.0638641230 0.5750434946 0.2984822989 0.0663271415 0.1076059902 -0.1303870004 -0.1586515892 0.1660825839 0.1570190978 -0.0413655261 0.0140776823 
1.3353580610 -0.4265768415 0.4234747744 0.2101217459 0.1939246695 0.3037151829 0.4115946220 0.1328360588 -0.0933530633 -0.0664005854 0.0391724559 0.0901629028 
1.5282209428 0.1989626208 0.5632567946 0.5870640875 0.4043306128 -0.0228384328 -0.0402112914 0.0688648568 0.0212616916 0.0285883377 -0.0337430835 -0.0511349549 
0.9833964921 -0.3824589172 0.4096750278 0.3042104278 0.5979433492 0.2808815873 0.1334808047 0.2790409143 0.0369951312 0.2002029540 0.0821887587 -0.0663896199 
1.4987801911 0.1687137303 0.6285757197 0.4246642803 0.1520178044 0.1506225792 0.1021589902 -0.1751940038 -0.0760401702 0.1511184559 0.0333170217 -0.0705853181 
1.4279396232 -0.3731016762 0.4434331717 -0.2441031333 0.2802851812 0.2897109783 0.2906779275 0.2863596739 -0.1104626107 0.0234960806 -0.0515032986 -0.1832662906 
1.5912968860 -0.3237256902 0.4248850974 0.5272864737 0.3989503991 0.2067907816 -0.0235500386 -0.0221748409 0.0725167651 -0.0208147446 -0.1887620912 -0.0528852570 
0.9725345570 -0.6185570000 0.4114668810 0.1446996328 0.6606680506 0.3480735949 0.1178284387 0.3382393544 0.0340472648 -0.1795568013 0.1276731977 0.2104603405 
1.6200184848 -0.4587393182 0.7486347652 -0.0487033484 0.3359230758 0.0262285351 -0.3301137955 -0.0404461558 0.0254260845 0.0073661109 0.0177590718 0.0774778848 
1.4044600915 -0.5705763830 0.6180877843 -0.0848375692 0.2614961144 0.1831502386 0.4005942614 0.2942719150 -0.1538355883 0.0148931934 -0.0740248892 -0.0492704824 
1.4824450644 0.1669834102 0.4014279541 0.4670176609 0.6260874635 0.1618293305 -0.1024702976 0.0967757241 0.1070753998 0.0502200327 -0.0297575366 -0.0672634369 
0.9703347292 -0.4672463653 0.3176265934 0.0464518221 0.8002846944 0.3798576806 0.0594508233 0.3155465278 -0.0027302601 0.0110257408 0.1632119817 0.0132442499 
1.4599735660 -0.3018436757 0.9284843711 0.0362203635 0.1634232538 0.1544848818 -0.2248120185 -0.2004075606 -0.1188075575 0.1070356000 0.0550710876 -0.1250816182 
1.3619342353 -0.3546355820 0.5849902353 -0.3688039412 0.2350648596 0.4138436029 0.3810455809 0.1198119408 -0.0995604890 0.1203380635 -0.1163046287 -0.0809546333 
1.5728234661 -0.3470750595 0.4534610254 0.6454068941 0.2914565013 0.2017693062 0.1565426356 -0.1026060218 -0.0086629503 0.0865089580 -0.1670893216 -0.1332368183 
1.0223500870 -0.6171567793 0.2892400279 0.2317188660 0.6510218629 0.2721977492 0.1865881402 0.4421251639 -0.0822474173 -0.1044276269 0.2287637726 0.0937053053 
